                                 ОТЧЕТ
                      о суточных параметрах теплоснабжения
                              за 01/01/23г.-29/01/23г.
   Абонент:________________                     Договор N:_________________
   Адрес:__________________                     Тип расходомера:___________
   Тепловычислитель ВКТ7 сет.N  99              Пределы измерений:
   Договорные расходы:                          G под max=   12.00 м3/ч G под min=    0.08 м3/ч
   М сет.воды=______ т.сут Мгвс=______ т.сут    G обр max=   12.00 м3/ч G обр min=    0.08 м3/ч
   Тхв= 5.00 Град С                            

  Заводской номер 00099346        ВВОД 1    СХЕМА ПОДКЛЮЧЕНИЯ  3  БД 2 ФТ=1 Т3=0   КС=0xF713  ПО 2.7
______________________________________________________________________________________________________________________________________________________________
  Дaтa  |  t1  |  t2  |  dt  |   V1   |   M1   |   V2   |   M2   |   Mг   |  P1  |  P2  |  Qо   |  Qг   |BНP |BOC |НC |                 H.C.                 |
        |_____________________________________________________________________________________________________________________________________________________
        |  °C  |  °C  |  °C  |   м3   |    т   |   м3   |    т   |    т   |кг/см2|кг/см2| Гкал  | Гкал  | ч  | ч  |   |t1|t2|dt|V1|M1|V2|M2|Mг|P1|P2|Qо|Qг|НC|
______________________________________________________________________________________________________________________________________________________________
01/01/23|73.00 |44.93 |28.07 | 73.275 | 71.566 | 72.290 | 71.566 | 0.000  | 7.90 | 5.50 |2.0101 |0.0000 | 24 | 0  |   |  |  |  |  |  |  |  |  |  |  |  |  |  |
02/01/23|72.52 |44.51 |28.01 | 72.044 | 70.557 | 71.431 | 70.557 | 0.000  | 7.90 | 5.50 |1.9775 |0.0000 | 24 | 0  |   |  |  |  |  |  |  |  |  |  |  |  |  |  |
03/01/23|79.48 |47.12 |32.36 | 72.691 | 70.769 | 71.607 | 70.769 | 0.000  | 7.90 | 5.50 |2.2921 |0.0000 | 24 | 0  |   |  |  |  |  |  |  |  |  |  |  |  |  |  |
04/01/23|86.11 |49.96 |36.15 | 74.188 | 71.692 | 72.412 | 71.692 | 0.000  | 7.90 | 5.50 |2.5957 |0.0000 | 24 | 0  |   |  |  |  |  |  |  |  |  |  |  |  |  |  |
05/01/23|89.36 |50.55 |38.81 | 72.607 | 69.971 | 70.659 | 69.971 | 0.000  | 7.90 | 5.50 |2.7199 |0.0000 | 24 | 0  |   |  |  |  |  |  |  |  |  |  |  |  |  |  |
06/01/23|92.82 |49.84 |42.98 | 69.817 | 67.027 | 67.563 | 67.027 | 0.000  | 7.90 | 5.50 |2.8863 |0.0000 | 24 | 0  |   |  |  |  |  |  |  |  |  |  |  |  |  |  |
07/01/23|96.04 |49.60 |46.44 | 69.631 | 66.612 | 67.058 | 66.612 | 0.000  | 7.90 | 5.50 |3.0999 |0.0000 | 24 | 0  |   |  |  |  |  |  |  |  |  |  |  |  |  |  |
08/01/23|96.54 |49.66 |46.88 | 70.046 | 66.968 | 67.404 | 66.968 | 0.000  | 7.90 | 5.50 |3.1460 |0.0000 | 24 | 0  |   |  |  |  |  |  |  |  |  |  |  |  |  |  |
09/01/23|94.57 |55.25 |39.32 | 95.831 | 91.809 | 92.720 | 91.809 | 0.000  | 7.90 | 5.50 |3.6208 |0.0000 | 24 | 0  |   |  |  |  |  |  |  |  |  |  |  |  |  |  |
10/01/23|97.02 |66.68 |30.34 |180.528 |172.669 |175.428 |172.669 | 0.000  | 7.90 | 5.50 |5.2599 |0.0000 | 24 | 0  |   |  |  |  |  |  |  |  |  |  |  |  |  |  |
11/01/23|97.95 |68.50 |29.45 |182.803 |174.473 |176.872 |174.170 | 0.303  | 7.90 | 5.50 |5.1805 |0.0196 | 24 | 0  | * |  |  |  |  |  |  |  |2 |  |  |  |  |  |
12/01/23|98.46 |70.25 |28.21 |187.781 |178.892 |181.579 |178.892 | 0.000  | 7.90 | 5.50 |5.0706 |0.0000 | 24 | 0  |   |  |  |  |  |  |  |  |  |  |  |  |  |  |
13/01/23|91.98 |66.17 |25.81 |138.731 |133.177 |135.421 |133.308 | -0.131 | 7.90 | 5.50 |3.4559 |0.0000 | 24 | 0  | * |  |  |  |  |  |  |  |2 |  |  |2 |  |  |
14/01/23|82.79 |57.49 |25.30 |120.494 |116.543 |117.986 |116.543 | 0.000  | 7.90 | 5.50 |2.9586 |0.0000 | 24 | 0  |   |  |  |  |  |  |  |  |  |  |  |  |  |  |
15/01/23|80.26 |46.68 |33.58 | 69.715 | 67.163 | 67.269 | 67.163 | 0.000  | 7.90 | 5.50 |2.2579 |0.0000 | 24 | 0  |   |  |  |  |  |  |  |  |  |  |  |  |  |  |
16/01/23|80.33 |46.26 |34.07 | 69.413 | 66.834 | 66.886 | 66.834 | 0.000  | 7.90 | 5.50 |2.2793 |0.0000 | 24 | 0  |   |  |  |  |  |  |  |  |  |  |  |  |  |  |
17/01/23|78.60 |46.15 |32.45 | 71.333 | 68.895 | 69.086 | 68.895 | 0.000  | 7.90 | 5.50 |2.2379 |0.0000 | 24 | 0  |   |  |  |  |  |  |  |  |  |  |  |  |  |  |
18/01/23|78.81 |46.45 |32.36 | 71.791 | 69.615 | 70.115 | 69.615 | 0.000  | 7.90 | 5.50 |2.2550 |0.0000 | 24 | 0  |   |  |  |  |  |  |  |  |  |  |  |  |  |  |
19/01/23|78.86 |46.60 |32.26 | 72.278 | 70.012 | 70.436 | 70.012 | 0.000  | 7.90 | 5.50 |2.2604 |0.0000 | 24 | 0  |   |  |  |  |  |  |  |  |  |  |  |  |  |  |
20/01/23|79.87 |47.37 |32.50 | 73.723 | 71.346 | 71.791 | 71.346 | 0.000  | 7.90 | 5.50 |2.3207 |0.0000 | 24 | 0  |   |  |  |  |  |  |  |  |  |  |  |  |  |  |
21/01/23|82.35 |48.23 |34.12 | 73.175 | 70.551 | 70.866 | 70.551 | 0.000  | 7.90 | 5.50 |2.4097 |0.0000 | 24 | 0  |   |  |  |  |  |  |  |  |  |  |  |  |  |  |
22/01/23|86.99 |50.05 |36.94 | 73.220 | 70.561 | 71.122 | 70.561 | 0.000  | 7.90 | 5.50 |2.6109 |0.0000 | 24 | 0  |   |  |  |  |  |  |  |  |  |  |  |  |  |  |
23/01/23|89.40 |50.54 |38.86 | 72.037 | 69.109 | 69.469 | 69.109 | 0.000  | 7.90 | 5.50 |2.6904 |0.0000 | 24 | 0  |   |  |  |  |  |  |  |  |  |  |  |  |  |  |
24/01/23|88.92 |50.36 |38.56 | 72.867 | 69.757 | 69.937 | 69.757 | 0.000  | 7.90 | 5.50 |2.6945 |0.0000 | 24 | 0  |   |  |  |  |  |  |  |  |  |  |  |  |  |  |
25/01/23|84.30 |45.42 |38.88 | 56.598 | 54.320 | 54.318 | 54.320 | 0.000  | 7.90 | 5.50 |2.1147 |0.0000 | 24 | 0  |   |  |  |  |  |  |  |  |  |  |  |  |  |  |
26/01/23|77.43 |45.69 |31.74 | 70.902 | 68.848 | 69.354 | 68.848 | 0.000  | 7.90 | 5.50 |2.1869 |0.0000 | 24 | 0  |   |  |  |  |  |  |  |  |  |  |  |  |  |  |
27/01/23|78.32 |45.83 |32.49 | 70.491 | 68.432 | 68.958 | 68.432 | 0.000  | 7.90 | 5.50 |2.2254 |0.0000 | 24 | 0  |   |  |  |  |  |  |  |  |  |  |  |  |  |  |
28/01/23|80.37 |47.38 |32.99 | 72.319 | 70.089 | 70.647 | 70.089 | 0.000  | 7.90 | 5.50 |2.3149 |0.0000 | 24 | 0  |   |  |  |  |  |  |  |  |  |  |  |  |  |  |
29/01/23|79.28 |47.12 |32.16 | 72.542 | 70.279 | 70.758 | 70.279 | 0.000  | 7.90 | 5.50 |2.2628 |0.0000 | 24 | 0  |   |  |  |  |  |  |  |  |  |  |  |  |  |  |
_______________________________________________________________________________________________________________________
 Итого: |      |      |      |2542.871|2448.536|2471.442|2448.364| 0.172  |      |      |81.3952|0.0196 |696 | 0  |   |
_______________________________________________________________________________________________________________________
Средние:|85.27 |51.06 |34.21 |        |        |        |        |        | 7.90 | 5.50 |       |       |    |    |   |


Период нормальной работы 696ч    
Период отсутств.счета тепл.энергии 0ч     
Время работы прибора после сброса 3642ч        

   Представитель абонента          Представитель теплоснабж.организации
