                                 ОТЧЕТ
                      о суточных параметрах теплоснабжения
                              за 01/01/23г.-29/01/23г.
   Абонент:________________                     Договор N:_________________
   Адрес:__________________                     Тип расходомера:___________
   Тепловычислитель ВКТ7 сет.N  1               Пределы измерений:
   Договорные расходы:                          G под max=   30.00 м3/ч G под min=    0.08 м3/ч
   М сет.воды=______ т.сут Мгвс=______ т.сут    G обр max=   30.00 м3/ч G обр min=    0.08 м3/ч
   Тхв= 5.00 Град С                             G3   max =    30.00 м3/ч G3  min =     0.08 м3/ч

  Заводской номер 00034086        ВВОД 1    СХЕМА ПОДКЛЮЧЕНИЯ  3  ФТ=1 Т3=2   КС=0x62D6  ПО 2.6
________________________________________________________________________________________________________________________________________________________________________________________________
  Дaтa  |  t1  |  t2  |  t3  |  dt  |   V1   |   M1   |   V2   |   M2   |   V3   |   M3   |   Mг   |  P1  |  P2  |  Qо   |  Qг   |BНP |BOC |НC |                     H.C.                      |
        |_______________________________________________________________________________________________________________________________________________________________________________________
        |  °C  |  °C  |  °C  |  °C  |   м3   |    т   |   м3   |    т   |   м3   |    т   |    т   |кг/см2|кг/см2| Гкал  | Гкал  | ч  | ч  |   |t1|t2|t3|dt|V1|M1|V2|M2|V3|M3|Mг|P1|P2|Qо|Qг|НC|
________________________________________________________________________________________________________________________________________________________________________________________________
01/01/23|72.64 |41.90 |61.11 |30.74 | 59.03  | 58.55  | 60.17  | 58.55  |  6.01  |  5.92  |  0.00  | 7.00 | 5.40 | 1.801 | 0.330 | 24 | 0  | * |  |  |  |  |  |  |  |  |2 |  |  |  |  |  |  |  |
02/01/23|72.80 |41.68 |63.05 |31.12 | 58.30  | 57.81  | 59.43  | 57.91  |  6.98  |  6.86  | -0.10  | 7.00 | 5.40 | 1.799 | 0.399 | 24 | 0  | * |  |  |  |  |  |  |  |  |2 |  |2 |  |  |2 |  |  |
03/01/23|79.97 |44.06 |64.18 |35.91 | 59.03  | 58.31  | 59.93  | 58.41  |  8.60  |  8.43  | -0.10  | 7.00 | 5.40 | 2.095 | 0.497 | 24 | 0  | * |  |  |  |  |  |  |  |  |2 |  |2 |  |  |2 |  |  |
04/01/23|86.27 |46.40 |63.87 |39.87 | 59.88  | 58.89  | 60.59  | 58.89  |  7.62  |  7.47  |  0.00  | 7.00 | 5.40 | 2.349 | 0.439 | 24 | 0  | * |  |  |  |  |  |  |  |  |2 |  |  |  |  |  |  |  |
05/01/23|89.69 |46.65 |63.97 |43.04 | 58.25  | 57.14  | 58.78  | 57.14  |  7.57  |  7.43  |  0.00  | 7.00 | 5.40 | 2.461 | 0.435 | 24 | 0  | * |  |  |  |  |  |  |  |  |2 |  |  |  |  |  |  |  |
06/01/23|93.29 |45.46 |63.01 |47.83 | 56.02  | 54.88  | 56.34  | 54.88  |  8.66  |  8.49  |  0.00  | 7.00 | 5.40 | 2.628 | 0.494 | 24 | 0  | * |  |  |  |  |  |  |  |  |2 |  |  |  |  |  |  |  |
07/01/23|96.17 |45.14 |63.47 |51.03 | 56.43  | 55.15  | 56.60  | 55.15  |  8.30  |  8.15  |  0.00  | 7.00 | 5.40 | 2.818 | 0.474 | 24 | 0  | * |  |  |  |  |  |  |  |  |2 |  |  |  |  |  |  |  |
08/01/23|96.74 |45.24 |63.81 |51.50 | 56.75  | 55.45  | 56.91  | 55.45  |  9.22  |  9.05  |  0.00  | 7.00 | 5.40 | 2.860 | 0.529 | 24 | 0  | * |  |  |  |  |  |  |  |  |2 |  |  |  |  |  |  |  |
09/01/23|95.40 |44.27 |64.90 |51.13 | 56.81  | 55.54  | 56.99  | 55.54  |  9.47  |  9.28  |  0.00  | 7.00 | 5.40 | 2.843 | 0.555 | 24 | 0  | * |  |  |  |  |  |  |  |  |2 |  |  |  |  |  |  |  |
10/01/23|96.88 |44.53 |66.20 |52.35 | 58.06  | 56.47  | 57.82  | 56.56  |  9.36  |  9.17  | -0.09  | 7.00 | 5.40 | 2.962 | 0.561 | 24 | 0  | * |  |  |  |  |  |  |  |  |2 |  |2 |  |  |2 |  |  |
11/01/23|97.72 |46.96 |66.23 |50.76 | 64.36  | 62.31  | 63.69  | 62.31  |  9.35  |  9.15  |  0.00  | 7.00 | 5.40 | 3.167 | 0.559 | 24 | 0  | * |  |  |  |  |  |  |  |  |2 |  |  |  |  |  |  |  |
12/01/23|98.14 |48.89 |66.57 |49.25 | 63.29  | 61.34  | 62.72  | 61.34  |  8.93  |  8.75  |  0.00  | 7.00 | 5.40 | 3.026 | 0.538 | 22 | 0  | * |  |  |  |  |  |  |  |  |2 |  |  |  |  |  |  |  |
13/01/23|91.27 |47.72 |66.54 |43.55 | 67.25  | 65.49  | 66.93  | 65.49  |  9.41  |  9.22  |  0.00  | 7.00 | 5.40 | 2.855 | 0.566 | 24 | 0  | * |  |  |  |  |  |  |  |  |2 |  |  |  |  |  |  |  |
14/01/23|82.68 |44.89 |65.02 |37.79 | 65.40  | 64.08  | 65.46  | 64.08  | 10.22  | 10.03  |  0.00  | 7.00 | 5.40 | 2.423 | 0.599 | 24 | 0  | * |  |  |  |  |  |  |  |  |2 |  |  |  |  |  |  |  |
15/01/23|80.31 |44.03 |64.38 |36.28 | 65.01  | 63.81  | 65.16  | 63.81  | 10.69  | 10.51  |  0.00  | 7.00 | 5.40 | 2.316 | 0.625 | 24 | 0  |   |  |  |  |  |  |  |  |  |  |  |  |  |  |  |  |  |
16/01/23|80.33 |43.90 |66.67 |36.43 | 64.65  | 63.45  | 64.81  | 63.45  |  9.72  |  9.53  |  0.00  | 7.00 | 5.40 | 2.311 | 0.587 | 24 | 0  | * |  |  |  |  |  |  |  |  |2 |  |  |  |  |  |  |  |
17/01/23|78.51 |43.90 |66.14 |34.61 | 66.19  | 65.05  | 66.43  | 65.05  |  8.18  |  8.02  |  0.00  | 7.00 | 5.40 | 2.255 | 0.490 | 24 | 0  | * |  |  |  |  |  |  |  |  |2 |  |  |  |  |  |  |  |
18/01/23|78.76 |44.27 |66.91 |34.49 | 67.07  | 65.93  | 67.34  | 65.93  |  9.22  |  9.04  |  0.00  | 7.00 | 5.40 | 2.275 | 0.561 | 24 | 0  | * |  |  |  |  |  |  |  |  |2 |  |  |  |  |  |  |  |
19/01/23|78.81 |44.49 |66.68 |34.32 | 67.44  | 66.19  | 67.68  | 66.19  |  9.27  |  9.06  |  0.00  | 7.00 | 5.40 | 2.273 | 0.560 | 24 | 0  | * |  |  |  |  |  |  |  |  |2 |  |  |  |  |  |  |  |
20/01/23|79.83 |45.42 |66.54 |34.41 | 68.67  | 67.42  | 68.88  | 67.42  |  7.87  |  7.70  |  0.00  | 7.00 | 5.40 | 2.320 | 0.473 | 24 | 0  | * |  |  |  |  |  |  |  |  |2 |  |  |  |  |  |  |  |
21/01/23|82.38 |46.29 |64.79 |36.09 | 68.00  | 66.66  | 68.09  | 66.66  |  9.01  |  8.84  |  0.00  | 7.00 | 5.40 | 2.409 | 0.528 | 24 | 0  | * |  |  |  |  |  |  |  |  |2 |  |  |  |  |  |  |  |
22/01/23|86.92 |47.94 |65.45 |38.98 | 68.32  | 66.79  | 68.22  | 66.79  | 10.19  | 10.01  |  0.00  | 7.00 | 5.40 | 2.605 | 0.606 | 24 | 0  | * |  |  |  |  |  |  |  |  |2 |  |  |  |  |  |  |  |
23/01/23|89.42 |48.62 |66.96 |40.80 | 66.92  | 65.28  | 66.73  | 65.28  |  9.44  |  9.25  |  0.00  | 7.00 | 5.40 | 2.667 | 0.572 | 24 | 0  | * |  |  |  |  |  |  |  |  |2 |  |  |  |  |  |  |  |
24/01/23|88.95 |48.33 |66.98 |40.62 | 67.01  | 65.37  | 66.83  | 65.37  |  8.64  |  8.46  |  0.00  | 7.00 | 5.40 | 2.656 | 0.524 | 24 | 0  |   |  |  |  |  |  |  |  |  |  |  |  |  |  |  |  |  |
25/01/23|84.45 |43.40 |66.66 |41.05 | 50.83  | 49.67  | 50.63  | 49.67  |  8.51  |  8.31  |  0.00  | 7.00 | 5.40 | 2.045 | 0.511 | 24 | 0  | * |  |  |  |  |  |  |  |  |2 |  |  |  |  |  |  |  |
26/01/23|77.44 |44.06 |68.16 |33.38 | 65.52  | 64.41  | 65.68  | 64.41  |  8.59  |  8.42  |  0.00  | 7.00 | 5.40 | 2.150 | 0.531 | 24 | 0  | * |  |  |  |  |  |  |  |  |2 |  |  |  |  |  |  |  |
27/01/23|78.37 |44.44 |65.97 |33.93 | 66.34  | 65.14  | 66.48  | 65.14  |  7.78  |  7.62  |  0.00  | 7.00 | 5.40 | 2.209 | 0.464 | 24 | 0  |   |  |  |  |  |  |  |  |  |  |  |  |  |  |  |  |  |
28/01/23|80.35 |45.77 |65.94 |34.58 | 67.91  | 66.61  | 68.06  | 66.61  |  8.92  |  8.75  |  0.00  | 7.00 | 5.40 | 2.305 | 0.534 | 24 | 0  | * |  |  |  |  |  |  |  |  |2 |  |  |  |  |  |  |  |
29/01/23|79.22 |45.38 |64.66 |33.84 | 67.90  | 66.61  | 68.06  | 66.61  | 10.13  |  9.96  |  0.00  | 7.00 | 5.40 | 2.256 | 0.592 | 24 | 0  | * |  |  |  |  |  |  |  |  |2 |  |  |  |  |  |  |  |
________________________________________________________________________________________________________________________________________________
 Итого: |      |      |      |      |1826.64 |1789.80 |1831.44 |1790.09 | 255.86 | 250.88 | -0.29  |      |      |71.139 |15.133 |694 | 0  | * |
________________________________________________________________________________________________________________________________________________
Средние:|85.30 |45.31 |65.34 |39.99 |        |        |        |        |        |        |        | 7.00 | 5.40 |       |       |    |    |   |


Период нормальной работы 694ч    
Период отсутств.счета тепл.энергии 0ч     
Время работы прибора после сброса 39767ч       

   Представитель абонента          Представитель теплоснабж.организации
